n 50
max_demand 1000
max_price 200
min_price 50
max_transmission_cost 1
demand
597 408 210 283 962 695 588 311 440 462 762 62 593 35 155 477 441 855 837 977 342 852 371 423 
937 567 766 65 850 451 138 393 555 772 887 107 510 236 316 894 264 808 608 969 817 311 782 576 
110 679 216 838 395 802 308 65 55 932 984 825 156 942 375 209 509 147 659 679 662 285 125 322 
672 294 406 935 404 856 736 576 266 906 801 159 750 516 570 437 830 550 872 302 178 476 582 430 
176 376 200 404 855 699 172 671 36 217 876 710 998 532 973 723 425 310 135 431 750 861 376 654 
83 121 168 157 717 562 596 116 360 823 515 938 139 888 710 358 856 124 616 88 481 733 406 718 
235 345 927 918 347 690 521 532 852 761 137 774 422 102 956 546 54 140 720 836 527 448 827 74 
722 338 873 210 988 175 847 807 736 812 397 954 66 906 346 291 827 748 930 635 378 443 45 508 
835 514 896 182 605 52 47 640 514 615 519 912 180 198 457 218 724 473 718 17 250 997 422 794 
183 96 207 620 63 768 638 990 392 550 190 698 531 582 420 68 611 682 879 793 62 667 924 468 
964 855 296 241 279 350 303 250 607 352 745 691 397 267 129 837 782 250 43 809 300 582 933 118 
244 448 827 895 99 522 308 886 566 763 633 866 605 396 834 862 662 373 890 674 59 301 803 357 
211 703 870 531 799 902 169 970 393 753 583 947 967 367 687 847 517 137 172 949 508 891 919 179 
951 784 707 99 235 663 510 34 15 23 601 58 104 491 551 338 754 23 839 890 576 38 957 285 
539 528 67 74 12 325 45 619 302 694 972 52 144 547 449 89 209 385 604 423 472 371 135 421 
358 273 839 577 528 608 927 172 850 49 943 370 863 84 717 119 64 741 15 586 715 517 651 744 
926 568 478 117 736 92 618 953 814 153 720 15 586 363 42 107 485 502 208 842 401 384 32 257 
14 113 663 191 475 151 234 548 720 16 424 416 293 490 560 221 57 80 540 458 63 151 171 948 
350 923 24 925 919 429 226 42 889 665 701 63 296 496 540 202 796 355 288 210 156 996 931 515 
538 753 74 718 691 204 707 617 372 722 261 413 135 121 239 812 361 263 696 939 603 882 681 943 
32 353 89 136 467 686 225 153 265 496 256 575 926 63 718 64 23 462 326 837 166 958 97 639 
423 746 880 336 1 282 326 964 91 729 108 527 654 413 318 250 150 39 735 723 827 942 754 409 
520 591 22 374 447 848 106 170 793 685 612 232 729 58 602 709 928 502 339 517 983 653 87 606 
264 87 104 908 697 147 916 418 755 195 222 344 639 58 977 438 646 145 155 557 887 784 197 104 
629 710 845 589 80 2 946 168 567 843 436 43 736 782 412 615 899 912 783 341 510 988 588 422 
682 145 231 5 567 693 46 868 455 480 715 402 786 859 925 428 398 521 613 61 820 847 229 32 
399 156 807 166 245 120 693 342 141 524 307 411 932 129 449 7 750 342 598 894 613 104 363 532 
248 537 831 656 897 854 246 325 595 589 792 289 70 919 78 744 51 699 856 764 614 121 213 986 
933 523 918 35 720 412 313 177 278 143 182 234 886 377 340 17 251 754 371 899 243 553 818 90 
840 35 811 11 956 963 816 865 310 72 695 419 459 704 737 554 771 833 775 766 47 675 850 103 
299 854 432 659 517 268 916 773 227 345 384 989 349 750 269 127 765 599 677 171 906 795 156 792 
475 497 822 742 578 543 774 829 636 230 152 42 85 221 959 312 250 611 450 2 994 964 487 85 
713 704 292 80 847 697 50 785 457 790 475 643 762 536 239 614 381 446 791 450 942 864 898 607 
635 890 16 495 222 695 326 183 796 964 767 439 452 520 193 464 834 614 122 512 439 768 544 54 
206 773 323 195 874 183 193 817 984 536 238 779 575 309 502 551 48 19 69 729 525 975 249 501 
944 293 704 136 592 426 255 165 743 436 502 978 268 950 79 629 227 894 468 503 411 226 627 675 
247 506 468 397 873 24 264 713 85 112 69 754 506 354 981 986 874 694 944 901 926 364 681 999 
433 487 188 762 409 326 378 233 605 469 264 979 457 449 636 295 262 973 272 471 86 138 472 942 
288 509 118 713 800 835 145 819 394 475 876 343 137 278 996 22 991 651 285 989 824 747 628 250 
719 30 19 703 332 56 122 864 787 372 936 628 271 969 824 442 965 139 388 22 219 345 713 296 
721 63 616 956 124 784 130 17 338 914 996 178 503 518 838 81 39 708 332 829 784 858 913 480 
594 521 240 512 280 997 968 18 545 539 751 524 888 685 245 564 386 478 691 549 497 566 683 145 
772 80 996 868 996 218 466 506 728 464 791 157 780 664 986 769 215 913 843 519 310 262 840 893 
211 461 576 116 370 102 825 49 205 681 483 431 909 838 628 621 519 949 391 428 126 805 915 192 
453 616 739 875 21 111 654 264 944 181 803 61 111 794 447 940 972 280 286 273 185 904 168 442 
212 37 1 86 273 588 588 609 968 627 917 212 18 22 760 433 613 652 303 733 756 668 774 684 
603 963 669 906 791 853 93 220 96 168 805 97 411 983 215 164 360 609 716 415 74 421 159 474 
538 817 389 950 164 247 54 208 738 145 642 675 474 57 428 126 289 261 305 527 194 819 166 176 
604 244 611 921 272 425 767 611 431 42 195 83 113 914 570 188 857 319 472 81 264 139 686 70 
768 520 492 582 929 757 768 43 613 497 63 607 303 830 415 845 535 846 558 5 206 934 156 662 
price
168 60 192 135 167 58 187 113 123 108 81 58 58 149 116 168 167 179 195 153 184 179 123 164 
171 102 152 87 187 83 160 67 173 68 190 140 195 179 110 192 107 132 144 166 91 97 190 96 
160 58 90 154 97 76 106 187 162 131 107 118 117 99 155 123 146 109 99 107 163 56 71 135 
154 119 180 153 146 117 150 131 157 191 191 133 131 63 87 101 92 109 70 93 134 85 78 65 
90 175 57 138 74 149 66 91 187 91 175 93 56 138 169 197 143 51 183 55 56 139 67 77 
104 124 196 170 134 121 194 61 101 75 129 125 162 108 128 146 120 76 111 155 111 184 66 52 
136 156 124 171 146 74 95 82 58 85 98 119 60 105 72 100 138 103 87 102 101 177 162 146 
163 82 173 144 163 64 71 74 144 141 126 101 192 128 141 180 79 71 165 55 65 188 54 81 
77 51 140 125 88 126 95 69 184 54 116 152 119 179 103 132 95 135 103 55 155 71 101 136 
140 192 128 118 136 84 168 64 63 64 68 50 85 103 123 51 97 176 143 165 135 63 88 132 
101 138 100 161 83 160 185 76 150 56 121 59 57 85 163 169 158 82 131 92 56 56 62 73 
79 143 173 80 174 95 163 167 122 85 144 62 125 83 77 91 103 115 117 156 89 63 190 100 
117 150 130 181 50 77 55 194 120 154 123 190 164 177 110 89 199 55 101 163 183 74 151 95 
132 143 176 94 105 186 193 105 116 88 75 116 87 67 90 188 108 155 169 122 113 113 164 109 
102 134 116 186 160 186 106 118 63 180 124 188 112 107 84 197 86 51 82 157 97 60 99 155 
144 177 150 117 192 154 168 154 59 97 98 121 180 195 94 162 106 136 157 138 164 136 50 70 
136 119 191 195 72 130 94 150 98 77 57 50 65 187 179 176 194 77 94 85 110 139 161 180 
162 59 137 71 69 158 139 125 65 50 97 86 97 198 124 94 59 172 154 135 124 181 102 64 
139 98 135 69 143 181 169 168 54 167 103 199 72 163 85 75 185 63 146 116 169 153 107 173 
137 109 137 178 61 123 159 167 134 115 130 64 139 132 161 74 148 144 137 187 186 109 138 128 
198 115 137 101 123 153 58 115 140 147 107 154 83 144 128 161 87 184 141 194 57 95 57 147 
176 77 166 115 199 177 177 159 114 52 112 157 198 80 138 137 68 188 95 66 128 161 114 119 
151 118 92 119 55 195 112 137 61 177 134 53 66 156 193 76 91 155 141 134 51 137 144 76 
69 101 85 184 74 116 178 86 82 136 63 186 94 75 100 159 63 140 156 130 177 167 129 115 
103 52 89 141 148 192 84 180 99 95 132 101 187 74 64 133 188 60 59 157 131 61 162 51 
179 182 53 173 71 126 183 164 171 51 109 114 183 145 185 149 163 178 174 158 111 56 197 131 
129 125 197 90 150 105 169 125 178 175 77 109 96 184 73 80 165 187 154 56 96 53 169 172 
148 195 155 84 176 176 143 184 122 192 145 85 82 109 150 188 102 151 139 124 96 123 96 135 
161 127 72 172 94 69 159 180 159 139 84 134 126 124 84 76 88 61 67 67 119 152 87 142 
122 76 126 71 168 116 174 71 86 105 175 140 199 107 156 180 115 183 52 62 70 121 147 146 
131 103 199 97 96 195 50 147 125 165 50 100 183 158 78 170 50 177 182 115 168 79 103 132 
181 111 173 151 198 97 105 88 89 93 160 168 185 189 140 170 116 118 71 123 102 58 199 182 
193 117 125 125 92 199 68 107 183 51 87 125 113 75 138 83 99 153 166 190 85 171 106 183 
101 138 83 137 70 87 133 75 71 105 125 134 170 119 80 103 112 164 173 165 99 184 88 68 
103 124 142 170 178 76 182 91 167 182 97 62 119 164 189 120 175 50 178 68 153 91 166 73 
153 71 172 149 161 100 138 81 91 137 93 123 56 195 125 51 52 97 169 145 79 191 90 189 
51 102 125 125 72 146 143 99 137 102 162 163 140 147 170 123 61 191 60 104 55 149 58 192 
158 155 105 147 89 196 129 80 131 85 178 70 123 175 109 79 146 74 52 106 55 135 144 83 
164 166 93 195 156 67 107 139 144 57 90 54 179 63 130 186 89 124 123 75 71 173 162 63 
144 53 59 62 56 152 77 51 163 69 109 97 116 133 111 120 194 133 79 140 131 112 89 85 
135 96 86 170 195 194 98 185 173 146 173 137 111 167 54 195 59 120 142 112 197 102 67 163 
70 170 182 78 92 138 159 173 163 101 111 89 109 188 79 152 98 153 135 194 131 52 195 57 
90 53 84 172 125 162 98 113 56 84 131 182 88 55 142 127 93 188 108 166 88 81 100 113 
197 51 134 72 69 103 165 169 193 102 92 127 173 80 196 127 85 199 144 196 86 193 174 197 
192 126 171 140 80 121 156 62 162 155 110 175 62 171 58 105 106 101 192 111 52 139 130 138 
64 115 156 108 79 162 88 105 111 67 123 196 134 107 144 105 89 197 112 124 60 123 194 140 
165 148 144 71 105 88 192 144 134 170 94 171 156 135 163 187 54 190 153 76 78 125 179 188 
58 110 96 127 189 122 111 145 193 155 78 57 193 104 145 164 58 161 163 166 90 149 132 78 
166 60 192 192 71 103 195 78 126 71 107 137 142 88 129 169 56 57 160 176 71 123 92 149 
130 61 56 144 53 94 103 139 143 106 164 139 69 197 97 153 171 78 94 170 94 147 95 105 
transmission_cost
0 0 0 0 0 0 0 0 0 0 0 0 0 0 0 0 0 0 0 0 0 0 0 0 0 0 0 0 0 0 0 0 0 0 0 0 0 0 0 0 0 0 0 0 0 0 0 0 0 0 
0 0 0 0 0 0 0 0 0 0 0 0 0 0 0 0 0 0 0 0 0 0 0 0 0 0 0 0 0 0 0 0 0 0 0 0 0 0 0 0 0 0 0 0 0 0 0 0 0 0 
0 0 0 0 0 0 0 0 0 0 0 0 0 0 0 0 0 0 0 0 0 0 0 0 0 0 0 0 0 0 0 0 0 0 0 0 0 0 0 0 0 0 0 0 0 0 0 0 0 0 
0 0 0 0 0 0 0 0 0 0 0 0 0 0 0 0 0 0 0 0 0 0 0 0 0 0 0 0 0 0 0 0 0 0 0 0 0 0 0 0 0 0 0 0 0 0 0 0 0 0 
0 0 0 0 0 0 0 0 0 0 0 0 0 0 0 0 0 0 0 0 0 0 0 0 0 0 0 0 0 0 0 0 0 0 0 0 0 0 0 0 0 0 0 0 0 0 0 0 0 0 
0 0 0 0 0 0 0 0 0 0 0 0 0 0 0 0 0 0 0 0 0 0 0 0 0 0 0 0 0 0 0 0 0 0 0 0 0 0 0 0 0 0 0 0 0 0 0 0 0 0 
0 0 0 0 0 0 0 0 0 0 0 0 0 0 0 0 0 0 0 0 0 0 0 0 0 0 0 0 0 0 0 0 0 0 0 0 0 0 0 0 0 0 0 0 0 0 0 0 0 0 
0 0 0 0 0 0 0 0 0 0 0 0 0 0 0 0 0 0 0 0 0 0 0 0 0 0 0 0 0 0 0 0 0 0 0 0 0 0 0 0 0 0 0 0 0 0 0 0 0 0 
0 0 0 0 0 0 0 0 0 0 0 0 0 0 0 0 0 0 0 0 0 0 0 0 0 0 0 0 0 0 0 0 0 0 0 0 0 0 0 0 0 0 0 0 0 0 0 0 0 0 
0 0 0 0 0 0 0 0 0 0 0 0 0 0 0 0 0 0 0 0 0 0 0 0 0 0 0 0 0 0 0 0 0 0 0 0 0 0 0 0 0 0 0 0 0 0 0 0 0 0 
0 0 0 0 0 0 0 0 0 0 0 0 0 0 0 0 0 0 0 0 0 0 0 0 0 0 0 0 0 0 0 0 0 0 0 0 0 0 0 0 0 0 0 0 0 0 0 0 0 0 
0 0 0 0 0 0 0 0 0 0 0 0 0 0 0 0 0 0 0 0 0 0 0 0 0 0 0 0 0 0 0 0 0 0 0 0 0 0 0 0 0 0 0 0 0 0 0 0 0 0 
0 0 0 0 0 0 0 0 0 0 0 0 0 0 0 0 0 0 0 0 0 0 0 0 0 0 0 0 0 0 0 0 0 0 0 0 0 0 0 0 0 0 0 0 0 0 0 0 0 0 
0 0 0 0 0 0 0 0 0 0 0 0 0 0 0 0 0 0 0 0 0 0 0 0 0 0 0 0 0 0 0 0 0 0 0 0 0 0 0 0 0 0 0 0 0 0 0 0 0 0 
0 0 0 0 0 0 0 0 0 0 0 0 0 0 0 0 0 0 0 0 0 0 0 0 0 0 0 0 0 0 0 0 0 0 0 0 0 0 0 0 0 0 0 0 0 0 0 0 0 0 
0 0 0 0 0 0 0 0 0 0 0 0 0 0 0 0 0 0 0 0 0 0 0 0 0 0 0 0 0 0 0 0 0 0 0 0 0 0 0 0 0 0 0 0 0 0 0 0 0 0 
0 0 0 0 0 0 0 0 0 0 0 0 0 0 0 0 0 0 0 0 0 0 0 0 0 0 0 0 0 0 0 0 0 0 0 0 0 0 0 0 0 0 0 0 0 0 0 0 0 0 
0 0 0 0 0 0 0 0 0 0 0 0 0 0 0 0 0 0 0 0 0 0 0 0 0 0 0 0 0 0 0 0 0 0 0 0 0 0 0 0 0 0 0 0 0 0 0 0 0 0 
0 0 0 0 0 0 0 0 0 0 0 0 0 0 0 0 0 0 0 0 0 0 0 0 0 0 0 0 0 0 0 0 0 0 0 0 0 0 0 0 0 0 0 0 0 0 0 0 0 0 
0 0 0 0 0 0 0 0 0 0 0 0 0 0 0 0 0 0 0 0 0 0 0 0 0 0 0 0 0 0 0 0 0 0 0 0 0 0 0 0 0 0 0 0 0 0 0 0 0 0 
0 0 0 0 0 0 0 0 0 0 0 0 0 0 0 0 0 0 0 0 0 0 0 0 0 0 0 0 0 0 0 0 0 0 0 0 0 0 0 0 0 0 0 0 0 0 0 0 0 0 
0 0 0 0 0 0 0 0 0 0 0 0 0 0 0 0 0 0 0 0 0 0 0 0 0 0 0 0 0 0 0 0 0 0 0 0 0 0 0 0 0 0 0 0 0 0 0 0 0 0 
0 0 0 0 0 0 0 0 0 0 0 0 0 0 0 0 0 0 0 0 0 0 0 0 0 0 0 0 0 0 0 0 0 0 0 0 0 0 0 0 0 0 0 0 0 0 0 0 0 0 
0 0 0 0 0 0 0 0 0 0 0 0 0 0 0 0 0 0 0 0 0 0 0 0 0 0 0 0 0 0 0 0 0 0 0 0 0 0 0 0 0 0 0 0 0 0 0 0 0 0 
0 0 0 0 0 0 0 0 0 0 0 0 0 0 0 0 0 0 0 0 0 0 0 0 0 0 0 0 0 0 0 0 0 0 0 0 0 0 0 0 0 0 0 0 0 0 0 0 0 0 
0 0 0 0 0 0 0 0 0 0 0 0 0 0 0 0 0 0 0 0 0 0 0 0 0 0 0 0 0 0 0 0 0 0 0 0 0 0 0 0 0 0 0 0 0 0 0 0 0 0 
0 0 0 0 0 0 0 0 0 0 0 0 0 0 0 0 0 0 0 0 0 0 0 0 0 0 0 0 0 0 0 0 0 0 0 0 0 0 0 0 0 0 0 0 0 0 0 0 0 0 
0 0 0 0 0 0 0 0 0 0 0 0 0 0 0 0 0 0 0 0 0 0 0 0 0 0 0 0 0 0 0 0 0 0 0 0 0 0 0 0 0 0 0 0 0 0 0 0 0 0 
0 0 0 0 0 0 0 0 0 0 0 0 0 0 0 0 0 0 0 0 0 0 0 0 0 0 0 0 0 0 0 0 0 0 0 0 0 0 0 0 0 0 0 0 0 0 0 0 0 0 
0 0 0 0 0 0 0 0 0 0 0 0 0 0 0 0 0 0 0 0 0 0 0 0 0 0 0 0 0 0 0 0 0 0 0 0 0 0 0 0 0 0 0 0 0 0 0 0 0 0 
0 0 0 0 0 0 0 0 0 0 0 0 0 0 0 0 0 0 0 0 0 0 0 0 0 0 0 0 0 0 0 0 0 0 0 0 0 0 0 0 0 0 0 0 0 0 0 0 0 0 
0 0 0 0 0 0 0 0 0 0 0 0 0 0 0 0 0 0 0 0 0 0 0 0 0 0 0 0 0 0 0 0 0 0 0 0 0 0 0 0 0 0 0 0 0 0 0 0 0 0 
0 0 0 0 0 0 0 0 0 0 0 0 0 0 0 0 0 0 0 0 0 0 0 0 0 0 0 0 0 0 0 0 0 0 0 0 0 0 0 0 0 0 0 0 0 0 0 0 0 0 
0 0 0 0 0 0 0 0 0 0 0 0 0 0 0 0 0 0 0 0 0 0 0 0 0 0 0 0 0 0 0 0 0 0 0 0 0 0 0 0 0 0 0 0 0 0 0 0 0 0 
0 0 0 0 0 0 0 0 0 0 0 0 0 0 0 0 0 0 0 0 0 0 0 0 0 0 0 0 0 0 0 0 0 0 0 0 0 0 0 0 0 0 0 0 0 0 0 0 0 0 
0 0 0 0 0 0 0 0 0 0 0 0 0 0 0 0 0 0 0 0 0 0 0 0 0 0 0 0 0 0 0 0 0 0 0 0 0 0 0 0 0 0 0 0 0 0 0 0 0 0 
0 0 0 0 0 0 0 0 0 0 0 0 0 0 0 0 0 0 0 0 0 0 0 0 0 0 0 0 0 0 0 0 0 0 0 0 0 0 0 0 0 0 0 0 0 0 0 0 0 0 
0 0 0 0 0 0 0 0 0 0 0 0 0 0 0 0 0 0 0 0 0 0 0 0 0 0 0 0 0 0 0 0 0 0 0 0 0 0 0 0 0 0 0 0 0 0 0 0 0 0 
0 0 0 0 0 0 0 0 0 0 0 0 0 0 0 0 0 0 0 0 0 0 0 0 0 0 0 0 0 0 0 0 0 0 0 0 0 0 0 0 0 0 0 0 0 0 0 0 0 0 
0 0 0 0 0 0 0 0 0 0 0 0 0 0 0 0 0 0 0 0 0 0 0 0 0 0 0 0 0 0 0 0 0 0 0 0 0 0 0 0 0 0 0 0 0 0 0 0 0 0 
0 0 0 0 0 0 0 0 0 0 0 0 0 0 0 0 0 0 0 0 0 0 0 0 0 0 0 0 0 0 0 0 0 0 0 0 0 0 0 0 0 0 0 0 0 0 0 0 0 0 
0 0 0 0 0 0 0 0 0 0 0 0 0 0 0 0 0 0 0 0 0 0 0 0 0 0 0 0 0 0 0 0 0 0 0 0 0 0 0 0 0 0 0 0 0 0 0 0 0 0 
0 0 0 0 0 0 0 0 0 0 0 0 0 0 0 0 0 0 0 0 0 0 0 0 0 0 0 0 0 0 0 0 0 0 0 0 0 0 0 0 0 0 0 0 0 0 0 0 0 0 
0 0 0 0 0 0 0 0 0 0 0 0 0 0 0 0 0 0 0 0 0 0 0 0 0 0 0 0 0 0 0 0 0 0 0 0 0 0 0 0 0 0 0 0 0 0 0 0 0 0 
0 0 0 0 0 0 0 0 0 0 0 0 0 0 0 0 0 0 0 0 0 0 0 0 0 0 0 0 0 0 0 0 0 0 0 0 0 0 0 0 0 0 0 0 0 0 0 0 0 0 
0 0 0 0 0 0 0 0 0 0 0 0 0 0 0 0 0 0 0 0 0 0 0 0 0 0 0 0 0 0 0 0 0 0 0 0 0 0 0 0 0 0 0 0 0 0 0 0 0 0 
0 0 0 0 0 0 0 0 0 0 0 0 0 0 0 0 0 0 0 0 0 0 0 0 0 0 0 0 0 0 0 0 0 0 0 0 0 0 0 0 0 0 0 0 0 0 0 0 0 0 
0 0 0 0 0 0 0 0 0 0 0 0 0 0 0 0 0 0 0 0 0 0 0 0 0 0 0 0 0 0 0 0 0 0 0 0 0 0 0 0 0 0 0 0 0 0 0 0 0 0 
0 0 0 0 0 0 0 0 0 0 0 0 0 0 0 0 0 0 0 0 0 0 0 0 0 0 0 0 0 0 0 0 0 0 0 0 0 0 0 0 0 0 0 0 0 0 0 0 0 0 
0 0 0 0 0 0 0 0 0 0 0 0 0 0 0 0 0 0 0 0 0 0 0 0 0 0 0 0 0 0 0 0 0 0 0 0 0 0 0 0 0 0 0 0 0 0 0 0 0 0 
